0   , curve_01_X10.tif, [0.1952 0.062 ], 0.0226, 0.2565
1   , curve_01_X15.tif, [0.3907 0.0485], 0.0130, 0.2504
2   , curve_01_X20.tif, [0.3666 0.075 ], 0.0132, 0.3409
3   , curve_02_X10.tif, [0.476  0.0225], 0.0181, 0.2747
4   , curve_02_X15.tif, [0.1765 0.0226], 0.0306, 0.2090
5   , curve_02_X20.tif, [0.141  0.0825], 0.0011, 0.4075
6   , curve_03_X10.tif, [0.8584 0.0367], 0.0231, 0.2176
7   , curve_03_X15.tif, [0.2931 0.0473], 0.0166, 0.2896
8   , curve_03_X20.tif, [0.9954 0.081 ], 0.0113, 0.5014
9   , curve_04_X10.tif, [0.2689 0.0258], 0.0040, 0.2198
10  , curve_04_X15.tif, [0.2114 0.0661], 0.0104, 0.2793
11  , curve_04_X20.tif, [0.9532 0.037 ], 0.0051, 0.4067
12  , curve_05_X10.tif, [0.3785 0.0376], 0.0947, 0.2133
13  , curve_05_X15.tif, [0.8164 0.0356], 0.0323, 0.3148
14  , curve_05_X20.tif, [0.108  0.0587], 0.0216, 0.4540
15  , curve_06_X10.tif, [0.5621 0.0387], 0.0486, 0.2277
16  , curve_06_X15.tif, [0.108  0.0365], 0.0291, 0.2863
17  , curve_06_X20.tif, [0.5603 0.0462], 0.0047, 0.4889
18  , curve_07_X10.tif, [0.5011 0.0173], 0.0179, 0.1956
19  , curve_07_X15.tif, [0.2535 0.0657], 0.0138, 0.2932
20  , curve_07_X20.tif, [0.4971 0.0377], 0.0108, 0.4089
21  , curve_08_X10.tif, [0.2479 0.0469], 0.0274, 0.2253
22  , curve_08_X15.tif, [0.1008 0.0357], 0.0024, 0.2440
23  , curve_08_X20.tif, [0.2006 0.1204], 0.0238, 0.4064
24  , curve_09_X10.tif, [0.9895 0.0317], 0.0373, 0.2017
25  , curve_09_X15.tif, [0.2319 0.0416], 0.0250, 0.2716
26  , curve_09_X20.tif, [0.5899 0.0494], 0.0166, 0.4191
27  , curve_10_X10.tif, [0.9797 0.0427], 0.0056, 0.1869
28  , curve_10_X15.tif, [0.8084 0.0415], 0.0037, 0.2559
29  , curve_10_X20.tif, [0.6421 0.0607], 0.0036, 0.4369
30  , curve_11_X10.tif, [0.6257 0.031 ], 0.0648, 0.2062
31  , curve_11_X15.tif, [0.1081 0.0598], 0.0005, 0.2641
32  , curve_11_X20.tif, [0.8313 0.0393], 0.0189, 0.3942
33  , curve_12_X10.tif, [0.1235 0.0339], 0.0137, 0.2250
34  , curve_12_X15.tif, [0.2167 0.034 ], 0.0507, 0.1711
35  , curve_12_X20.tif, [0.1559 0.1967], 0.0113, 0.3221
36  , curve_13_X10.tif, [0.1392 0.0367], 0.0048, 0.2350
37  , curve_13_X15.tif, [0.8681 0.0393], 0.0350, 0.2501
38  , curve_13_X20.tif, [0.5533 0.0527], 0.0052, 0.4707
39  , curve_14_X10.tif, [0.5763 0.0433], 0.0413, 0.2340
40  , curve_14_X15.tif, [0.1284 0.0337], 0.0299, 0.2462
41  , curve_14_X20.tif, [0.7091 0.0276], 0.0178, 0.4051
42  , curve_15_X10.tif, [0.2781 0.0728], 0.0037, 0.2628
43  , curve_15_X15.tif, [0.1024 0.0285], 0.0068, 0.2541
44  , curve_15_X20.tif, [0.1209 0.0203], 0.0045, 0.4273
45  , curve_16_X10.tif, [0.9717 0.0666], 0.0318, 0.2623
46  , curve_16_X15.tif, [0.9861 0.0268], 0.0116, 0.2385
47  , curve_16_X20.tif, [0.7668 0.0187], 0.0124, 0.3523
48  , curve_17_X10.tif, [0.7525 0.035 ], 0.0714, 0.2506
49  , curve_17_X15.tif, [0.4169 0.0316], 0.0041, 0.2401
50  , curve_17_X20.tif, [0.6397 0.0362], 0.0215, 0.3266
51  , curve_18_X10.tif, [0.8464 0.0213], 0.0751, 0.2171
52  , curve_18_X15.tif, [0.9903 0.0414], 0.0392, 0.2466
53  , curve_18_X20.tif, [0.9629 0.033 ], 0.0117, 0.3616
54  , curve_19_X10.tif, [0.9992 0.0353], 0.0223, 0.2517
55  , curve_19_X15.tif, [0.4307 0.0576], 0.0042, 0.2663
56  , curve_19_X20.tif, [0.1981 0.0463], 0.0028, 0.3952
57  , curve_20_X10.tif, [0.1739 0.0335], 0.0041, 0.2657
58  , curve_20_X15.tif, [0.1371 0.0559], 0.0093, 0.2975
59  , curve_20_X20.tif, [0.128  0.0199], 0.0286, 0.4333
60  , curve_21_X10.tif, [0.6268 0.0323], 0.0735, 0.2430
61  , curve_21_X15.tif, [0.9353 0.0299], 0.0140, 0.2861
62  , curve_21_X20.tif, [0.1523 0.0209], 0.0139, 0.3788
63  , curve_22_X10.tif, [0.3182 0.0196], 0.0013, 0.2346
64  , curve_22_X15.tif, [0.5181 0.0552], 0.0346, 0.2847
65  , curve_22_X20.tif, [0.1017 0.0354], 0.0085, 0.4267
66  , curve_23_X10.tif, [0.1111 0.0154], 0.0571, 0.2736
67  , curve_23_X15.tif, [0.137  0.0118], 0.0426, 0.2747
68  , curve_23_X20.tif, [0.162  0.0394], 0.0447, 0.4021
69  , curve_24_X10.tif, [0.9961 0.0889], 0.0003, 0.2804
70  , curve_24_X15.tif, [0.1012 0.0916], 0.0085, 0.3072
71  , curve_24_X20.tif, [0.2174 0.069 ], 0.0081, 0.4093
72  , curve_25_X10.tif, [0.7693 0.0351], 0.0020, 0.2627
73  , curve_25_X15.tif, [0.1788 0.0661], 0.0054, 0.2365
74  , curve_25_X20.tif, [0.3423 0.1491], 0.0054, 0.4072
75  , curve_26_X10.tif, [0.5373 0.018 ], 0.0871, 0.2342
76  , curve_26_X15.tif, [0.1176 0.1263], 0.0057, 0.2810
77  , curve_26_X20.tif, [0.1092 0.085 ], 0.0045, 0.4204
78  , curve_27_X10.tif, [0.1648 0.0276], 0.0231, 0.2447
79  , curve_27_X15.tif, [0.1309 0.0519], 0.0617, 0.3022
80  , curve_27_X20.tif, [0.1165 0.0252], 0.0194, 0.4279
81  , curve_28_X10.tif, [0.7178 0.0773], 0.0021, 0.2968
82  , curve_28_X15.tif, [0.5178 0.0296], 0.0072, 0.2919
83  , curve_28_X20.tif, [0.9869 0.0469], 0.0036, 0.4412
84  , curve_29_X10.tif, [0.6141 0.0639], 0.0009, 0.2442
85  , curve_29_X15.tif, [0.2783 0.0277], 0.0227, 0.2576
86  , curve_29_X20.tif, [0.1602 0.1693], 0.0112, 0.4418
87  , curve_30_X10.tif, [0.3632 0.0256], 0.0553, 0.2500
88  , curve_30_X15.tif, [0.2873 0.0599], 0.0180, 0.2388
89  , curve_30_X20.tif, [0.6655 0.0245], 0.0053, 0.3659
90  , curve_31_X10.tif, [0.7443 0.031 ], 0.0099, 0.2358
91  , curve_31_X15.tif, [0.1911 0.0466], 0.0072, 0.2578
92  , curve_31_X20.tif, [0.2567 0.0559], 0.0009, 0.4256
93  , curve_32_X10.tif, [0.3879 0.0605], 0.0001, 0.2345
94  , curve_32_X15.tif, [0.2685 0.0891], 0.0015, 0.2691
95  , curve_32_X20.tif, [0.3311 0.1704], 0.0031, 0.4284
96  , curve_33_X10.tif, [0.9635 0.0545], 0.0611, 0.2374
97  , curve_33_X15.tif, [0.1133 0.138 ], 0.0006, 0.2901
98  , curve_33_X20.tif, [0.1474 0.0273], 0.0037, 0.4317
99  , curve_34_X10.tif, [0.1223 0.0327], 0.0512, 0.2633
100 , curve_34_X15.tif, [0.9233 0.0232], 0.0463, 0.2532
101 , curve_34_X20.tif, [0.7898 0.0267], 0.0082, 0.4157
102 , curve_35_X10.tif, [0.271  0.0367], 0.0286, 0.2108
103 , curve_35_X15.tif, [0.1211 0.0215], 0.0011, 0.2561
104 , curve_35_X20.tif, [0.7794 0.0478], 0.0061, 0.4221
105 , curve_36_X10.tif, [0.1467 0.0374], 0.0243, 0.2580
106 , curve_36_X15.tif, [0.1437 0.0892], 0.0017, 0.2699
107 , curve_36_X20.tif, [0.3893 0.0403], 0.0135, 0.4011
108 , curve_37_X10.tif, [0.4125 0.0292], 0.0343, 0.2113
109 , curve_37_X15.tif, [0.868 0.024], 0.0009, 0.2486
110 , curve_37_X20.tif, [0.4247 0.0521], 0.0071, 0.4258
111 , curve_38_X10.tif, [0.1392 0.029 ], 0.0061, 0.2855
112 , curve_38_X15.tif, [0.7352 0.0278], 0.0506, 0.2520
113 , curve_38_X20.tif, [0.1285 0.1607], 0.0088, 0.4337
114 , curve_39_X10.tif, [0.4309 0.0513], 0.0170, 0.2730
115 , curve_39_X15.tif, [0.591  0.0305], 0.0330, 0.2635
116 , curve_39_X20.tif, [0.1926 0.0398], 0.0095, 0.4059
117 , curve_40_X10.tif, [0.6629 0.0491], 0.0058, 0.2239
118 , curve_40_X15.tif, [0.3532 0.1004], 0.0176, 0.2700
119 , curve_40_X20.tif, [0.5008 0.0285], 0.0173, 0.3891
120 , curve_41_X10.tif, [0.204  0.0363], 0.0189, 0.2389
121 , curve_41_X15.tif, [0.9688 0.0426], 0.0357, 0.2696
122 , curve_41_X20.tif, [0.9559 0.0544], 0.0271, 0.4208
123 , curve_42_X10.tif, [0.7594 0.0306], 0.1085, 0.2207
124 , curve_42_X15.tif, [0.1254 0.0248], 0.0297, 0.2612
125 , curve_42_X20.tif, [0.173  0.0299], 0.0563, 0.4363
126 , curve_43_X10.tif, [0.512  0.0626], 0.0052, 0.2558
127 , curve_43_X15.tif, [0.2155 0.0487], 0.0021, 0.2619
128 , curve_43_X20.tif, [0.377  0.0675], 0.0004, 0.3987
129 , curve_44_X10.tif, [0.822  0.0408], 0.0000, 0.2179
130 , curve_44_X15.tif, [0.4837 0.0576], 0.0242, 0.2754
131 , curve_44_X20.tif, [0.8132 0.0744], 0.0001, 0.4402
132 , curve_45_X10.tif, [0.8714 0.0642], 0.0233, 0.2610
133 , curve_45_X15.tif, [0.7783 0.0232], 0.0093, 0.2411
134 , curve_45_X20.tif, [0.7581 0.0285], 0.0090, 0.3843
135 , curve_46_X10.tif, [0.6492 0.0599], 0.0399, 0.2545
136 , curve_46_X15.tif, [0.7045 0.1177], 0.0040, 0.2622
137 , curve_46_X20.tif, [0.1082 0.1413], 0.0210, 0.4198
138 , curve_47_X10.tif, [0.812  0.0283], 0.0614, 0.2082
139 , curve_47_X15.tif, [0.9758 0.0331], 0.0124, 0.2656
140 , curve_47_X20.tif, [0.9627 0.0319], 0.0175, 0.4191
141 , curve_48_X10.tif, [0.5452 0.0328], 0.0283, 0.2565
142 , curve_48_X15.tif, [0.8212 0.1081], 0.0108, 0.2902
143 , curve_48_X20.tif, [0.4596 0.1539], 0.0164, 0.4071
144 , curve_49_X10.tif, [0.3462 0.0829], 0.0003, 0.2779
145 , curve_49_X15.tif, [0.1003 0.0113], 0.0390, 0.2364
146 , curve_49_X20.tif, [0.2691 0.0486], 0.0082, 0.3763
147 , curve_50_X10.tif, [0.2154 0.0256], 0.0233, 0.2403
148 , curve_50_X15.tif, [0.4474 0.0319], 0.0001, 0.2314
149 , curve_50_X20.tif, [0.6955 0.0295], 0.0107, 0.3690
